$ANSIBLE_VAULT;1.1;AES256
32633966666138396261376433373265643462333234383337656639393161373636643062363833
3031613232366134656530336134663435376530633139390a313530383936376432633335353933
64663132333432313337663761663231616633636135376533356162623465646339633565336464
3032653339386661350a316132383635373834616263366566386666366231353238396637353561
64356434316665616138326136643534636137333266396464323133316539653138363364393434
33646637653432316466653664653836356532323962356633616534343039663436313034346363
36663663643234326131306436643966653132636235323438383962343662333139653566323635
37343761323463613630333133373337333138653231376331643733663032326464326566613435
36393461653230663761373136626366313432303837333239313865303566343162356537346263
30303936316138313537626636653164623938643161393762373231623632386235356632326634
39613736363630336635393536626463633166336266383966643462393937373333313963376231
30343639396164323535363061393336336237343339636363343934633163613732646165666561
30656530383361303761366533623261323164366562373737326561363737393466653137653337
64643335393063353831626634313465323332663332363565313337323461346261393436656337
63636436633538323335663432323036306339376631376335613833336462616238653739313039
65386130303462656436323661633662343935343537613562303139336334396233346437653465
62646337333931356265363830323234343236616161373766316138323336613939396238316234
36313864656562376665346537346538326431313261373639303633616465376533306431366163
64303438356230653230386364306437313361313230613665633861383737643161616331333337
30366136653966613164626438353133633136366430646236383938363961333633313461653361
6338
